[gd_scene load_steps=7 format=3 uid="uid://cccb078u7vver"]

[ext_resource type="Material" uid="uid://duhfc6bve53da" path="res://minigames/seattle_freeze/segments/road_mat.tres" id="1_4o1uq"]
[ext_resource type="Texture2D" uid="uid://4er8qngt0vt6" path="res://minigames/seattle_freeze/textures/snow_decal.png" id="2_aww0m"]
[ext_resource type="PackedScene" uid="uid://ctmrcbdsj8yxv" path="res://minigames/seattle_freeze/objects/suv.tscn" id="3_qc00k"]

[sub_resource type="Curve3D" id="Curve3D_wfm3m"]
_data = {
"points": PackedVector3Array(0, 0, 0, 0, 0, 0, 0, 0, 0, 0, 0, 0, 0, 0, 0, 0, -2, -10),
"tilts": PackedFloat32Array(0, 0)
}
point_count = 2

[sub_resource type="PlaneMesh" id="PlaneMesh_qc00k"]

[sub_resource type="StandardMaterial3D" id="StandardMaterial3D_llcbb"]
transparency = 1
blend_mode = 1
shading_mode = 0
diffuse_mode = 3
specular_mode = 2
albedo_texture = ExtResource("2_aww0m")
albedo_texture_force_srgb = true
disable_receive_shadows = true
grow_amount = 0.393

[node name="BasicSegment" type="Path3D"]
curve = SubResource("Curve3D_wfm3m")

[node name="collider" type="CSGPolygon3D" parent="."]
visible = false
calculate_tangents = false
use_collision = true
polygon = PackedVector2Array(4, 0, 4, 2, 5, 2, 5, -0.5, -5, -0.5, -5, 2, -4, 2, -4, 0)
mode = 2
path_node = NodePath("..")
path_interval_type = 0
path_interval = 1.0
path_simplify_angle = 0.0
path_rotation = 2
path_rotation_accurate = false
path_local = true
path_continuous_u = true
path_u_distance = 1.0
path_joined = false
metadata/_edit_lock_ = true

[node name="road" type="CSGPolygon3D" parent="."]
transform = Transform3D(1, 0, 0, 0, 1, 0, 0, 0, 1, 0.019614, 4.76837e-07, 0.0141745)
material_override = ExtResource("1_4o1uq")
calculate_tangents = false
polygon = PackedVector2Array(4, 0, 5, -0.5, -5, -0.5, -4, 0)
mode = 2
path_node = NodePath("..")
path_interval_type = 0
path_interval = 1.0
path_simplify_angle = 0.0
path_rotation = 2
path_rotation_accurate = false
path_local = true
path_continuous_u = true
path_u_distance = 1.0
path_joined = false

[node name="MeshInstance3D" type="MeshInstance3D" parent="."]
transform = Transform3D(1.9253, 0, 0, 0, 1.88985, 0.36776, 0, -0.36776, 1.88985, 2.25378, -0.646952, -3.58762)
visible = false
mesh = SubResource("PlaneMesh_qc00k")
surface_material_override/0 = SubResource("StandardMaterial3D_llcbb")

[node name="SUV" parent="." instance=ExtResource("3_qc00k")]
transform = Transform3D(-4.37114e-08, 0, -1, 0.237652, 0.97135, -1.03881e-08, 0.97135, -0.237652, -4.24591e-08, 3.13113, 0.151895, -2.62126)

[node name="SUV2" parent="." instance=ExtResource("3_qc00k")]
transform = Transform3D(-4.37114e-08, 0, -1, 0.237652, 0.97135, -1.03881e-08, 0.97135, -0.237652, -4.24591e-08, -2.79162, -0.0123594, -3.29261)

[node name="SUV3" parent="." instance=ExtResource("3_qc00k")]
transform = Transform3D(-4.37114e-08, 0, -1, 0.237652, 0.97135, -1.03881e-08, 0.97135, -0.237652, -4.24591e-08, 3.13113, -1.11755, -7.80983)

[node name="SUV4" parent="." instance=ExtResource("3_qc00k")]
transform = Transform3D(-4.37114e-08, 0, -1, 0.237652, 0.97135, -1.03881e-08, 0.97135, -0.237652, -4.24591e-08, -2.79162, -0.700969, -6.10715)
